
イコライザ・平滑化・観測加算の対照  TAPS 比 [%]（test、句読点除去CER）
cond            W-base    W-small   W-medium       W-ft mms-1b-all xlsr-korea W-large-v3 qwen3-asr- zipformer-
m4_amp            -6.4       -9.8       -9.8      -14.2       -4.1       -2.9      -10.5       -7.4       -3.0
p2_w50            -4.6       -6.0       -6.4       -8.5       -2.6       -2.3       -6.5       -2.9       -4.3
eq_m4_dev         -0.1       +0.3       -0.1       -0.3       +0.0       +0.2       +0.1       +0.1       +0.3
eq_m4_utt         -0.1       -0.3       +0.2       -0.5       -0.1       +0.4       +0.0       +0.1       -1.5
eq_p2_dev         -0.3       +0.1       +0.2       -0.2       +0.1       +0.0       +0.1       +0.3       +0.0
eq_p2_utt         -0.0       -0.2       +0.3       -0.1       +0.1       +0.5       -0.1       +0.7       -1.6
smooth_t3         +0.5       +0.3       +0.6       -1.1       +0.7       +1.4       +0.5       -1.3       +1.5
smooth_f5         +3.7       +2.3       +2.0       +2.8       +1.2       +4.8       +2.1       +1.7      +22.7
oa_w20           +14.2       +9.2       +6.3      +11.2      +10.0      +38.7       +5.1       +6.1      +35.2
oa_w40           +56.0      +35.7      +24.2      +19.1      +30.1     +104.5      +16.9      +20.7      +56.2
moa_w25           +1.5       -2.4       -3.8       -9.2       +0.9      +17.6       -4.8       -2.9       -0.6
no_se           +140.1      +94.7      +71.7       -5.9      +42.0     +163.4      +51.6      +79.0      +83.9

Saved: /home/kasuga/kasuga/bone-conduction-research/results/eq_control/summary.csv, pairs.csv
